6578103253609745667.mp4 0,292,480,562
6578057607393578247.mp4 0,0,1024,576
6614025816328113415.mp4 0,188,720,845
6642250690762640647.mp4 2,113,356,324
6635756374024260871.mp4 0,282,480,562
6625753794279902471.mp4 0,218,720,1280
6627044971415342339.mp4 0,177,576,1024
6628122070171520263.mp4 0,109,368,640
6628166305142803725.mp4 0,176,576,1024
6625879202409221390.mp4 90,140,352,516
6629264562992450829.mp4 90,127,340,516
6625900300123245837.mp4 0,74,638,771
6625947101278768398.mp4 0,12,407,515
6628097080789306632.mp4 0,53,420,515
6625932635761806596.mp4 0,0,720,1280
6625934975810145544.mp4 0,0,480,854
6626225878797913358.mp4 0,0,480,854
6631692027572522254.mp4 0,0,480,854
6626106330463603982.mp4 0,0,854,480
6625503715153415428.mp4 0,0,1280,720
6626103388075461896.mp4 0,0,854,480
6626106834463755533.mp4 0,0,854,480
6626170762942221575.mp4 0,0,1280,720
6626308580133833997.mp4 0,0,854,480
6626348110895385860.mp4 0,0,854,480
6628391278230899976.mp4 0,0,480,480
6626642501673422088.mp4 0,0,480,862
6632873029539990792.mp4 0,0,720,720
6629249429067009283.mp4 0,0,544,960
6591382389497269507.mp4 0,0,576,1024
6591418142600203523.mp4 0,0,576,1024
6625931441052060941.mp4 0,100,540,880
6629804328234257668.mp4 0,100,540,880
6627646462912105736.mp4 47,150,531,846